-7 2
-2 2
4 4
-1 12
9 7
-5 2
4 3
0 4
-1 11
1 15
7 1
5 16
-9 8
-1 10
3 -3
1 3
-1 5
0 12
6 8
8 8
-5 10
-5 11
4 4
-11 11
-5 8
4 11
6 1
-9 6
5 7
7 8
6 -3
-1 11
18 14
6 19
2 11
9 11
-1 15
11 10
2 0
2 25
18 7
4 13
3 7
3 8
10 5
-10 8
3 15
-5 15
-8 22
0 6
-2 -1
0 6
9 4
3 7
-3 20
-2 9
0 24
7 15
-10 5
-12 17
1 17
-2 24
1 22
-6 25
-6 34
-3 14
1 34
6 33
-12 24
0 28
-9 25
-7 32
-10 29
-5 44
0 31
-14 38
-5 43
-18 52
-15 53
-18 61
-10 72
1 73
-6 90
-33 102
-20 106
-21 133
-39 168
-70 224
-99 371
-310 983
490 -1475
147 -421
83 -251
66 -180
45 -128
38 -110
27 -90
33 -86
34 -62
20 -65
24 -61
29 -52
16 -60
12 -28
18 -40
15 -30
27 -32
18 -35
10 -33
15 -30
13 -31
30 -23
12 -11
3 -24
20 -29
3 -12
21 -23
15 -27
18 -17
12 -22
18 -13
10 -18
5 -23
11 -14
26 -20
8 -12
15 -18
2 -10
13 -10
8 -15
7 -19
23 -18
13 -6
7 -5
14 -7
27 -2
0 -2
12 -2
19 -3
3 2
3 -17
7 -12
9 -2
11 -9
4 -20
-4 -6
18 -18
11 -7
8 -4
12 -10
6 3
6 -12
18 -3
17 -10
9 1
20 8
10 2
23 -2
7 1
14 0
6 5
12 -3
4 -14
13 -8
-2 4
7 0
0 -6
29 -2
9 -3
7 -2
12 -1
13 -14
9 2
18 -4
2 -3
6 -9
11 -6
1 -6
6 -1
16 -12
12 -2
9 3
9 -12
7 6
0 -1
2 -4
13 1
7 -4
16 -2
5 12
4 -7
3 4
-4 3
9 -15
3 -12
18 1
18 -8
20 -5
-6 -5
3 -15
21 -4
8 6
11 2
6 6
2 -8
14 -13
2 -1
3 -10
9 8
1 -1
-1 3
8 2
5 5
6 0
-7 1
16 16
4 -5
-4 -6
16 9
-2 -13
10 1
8 5
10 -5
4 10
18 2
2 1
8 11
7 -2
-7 -5
-1 0
5 10
10 2
12 13
-1 -5
8 17
16 4
20 -6
-5 9
1 9
15 11
14 0
9 -3
1 -6
12 8
-1 8
12 10
-2 1
0 7
3 2
4 11
0 6
1 6
9 4
11 13
-4 5
10 1
