1887
-1311
-657
2070
-1857
-96
1821
-2023
641
1297
-2315
1192
725
-1867
1628
236
-1698
1828
-543
-1183
2056
-1173
-734
1859
-1539
-8
1731
-2026
513
1163
-2085
1294
594
-2040
1732
-67
-1758
1918
-648
-1268
1909
-1140
-722
1910
-1659
-42
1710
-2022
676
1249
-2024
1373
660
-1969
1692
-110
-1759
1901
-732
-1103
2076
-1174
-598
2140
-1548
-164
1517
-2188
597
1279
-1879
1133
818
-1906
1608
-59
-1539
2010
-714
-1255
2043
-1072
-614
1874
-1588
-231
1673
-1982
698
1478
-2065
1018
397
-1993
1587
197
-1559
1928
-720
-1159
1889
-1273
-677
1862
-1461
-257
1581
-2041
687
1139
-2023
1220
645
-2025
1724
-105
-1569
1889
-553
-1023
1939
-1047
-585
1885
-1676
-249
1639
-1975
647
1300
-1960
1181
647
-2160
1620
87
-1697
1915
-548
-1164
2009
-1075
-674
1994
-1736
-158
1648
-2158
533
1112
-2002
1336
547
-2032
1610
151
-1687
1908
-735
-1269
2039
-1198
-465
1922
-1715
114
1625
-2077
538
1333
-2103
1128
479
-2042
1737
87
-1633
1914
-506
-1257
2110
-1339
-421
1954
-1545
-63
1776
-1856
541
1241
-2001
1193
636
-1789
1469
-51
-1497
1780
-533
-1285
1975
-1108
-640
1793
-1696
107
1741
-1949
476
1309
-2114
1197
466
-2037
1734
100
-1713
1977
-604
-1130
1782
-1172
-602
2071
-1776
12
1760
-1962
615
1116
-2083
1269
571
-1798
1570
-37
-1793
1913
-648
-1060
1977
-1086
-553
1992
-1683
-318
1851
-1935
705
1203
-2049
1178
640
-2021
1645
-138
