-175
1616
-1766
760
1117
-2250
1095
859
-1898
1674
60
-1727
2113
-571
-1358
2078
-1237
-687
1794
-1680
20
1614
-1913
677
1179
-2072
1159
582
-1919
1774
-83
-1652
2156
-595
-1283
1821
-1324
-637
1904
-1635
-42
1507
-1774
685
1177
-2053
1324
607
-1985
1620
-119
-1682
1802
-858
-1193
1954
-1074
-722
2104
-1507
152
1730
-1957
671
1310
-2097
1006
634
-2017
1623
-91
-1591
1996
-455
-1142
1933
-1252
-665
1795
-1605
50
1658
-2014
587
1295
-1862
1365
567
-1931
1547
-95
-1693
2148
-721
-1154
2190
-1242
-703
1857
-1635
105
1621
-2017
321
1305
-2012
1215
519
-1958
1653
-229
-1621
2165
-530
-1333
1891
-1113
-649
2083
-1606
60
1435
-1969
695
1149
-2108
1196
443
-2045
1747
-182
-1588
1889
-612
-1095
2076
-1280
-458
1998
-1533
23
1842
-1952
587
1152
-2171
1222
708
-1988
1877
86
-1694
1889
-638
-1131
2162
-1269
-570
1833
-1700
269
1602
-1914
661
1379
-1976
1001
692
-1968
2029
-171
-1668
1973
-644
-1313
2266
-1077
-743
2118
-1708
60
1685
-2006
503
1220
-2071
1335
629
-1797
1611
70
-1567
2060
-701
-1075
2015
-1249
-719
1850
-1643
-48
1583
-2096
773
1220
-2215
1279
519
-1945
1713
-75
-1710
1965
-430
-1255
2068
-1359
-590
2112
-1724
-180
1471
-1905
538
1234
-2039
1175
499
-1847
1743
-42
-1667
2162
-451
-1150
1964
-1414
-640
1968
-1700
-44
1785
-2089
728
1139
-1970
1086
461
-1961
1616
122
-1617
1934
-496
-1065
2057
